78
66
97
54
66
54
66
66
107
87
253
54
66
253
54
66
66
66
66
66
66
66
66
66
94
62
62
62
97
66
86
78
78
66
66
66
94
86
282
137
62
62
62
86
1294
86
1294
86
1236
86
79
79
212
137
119
131
94
388
142
128
94
86
523
86
86
832
86
243
745
124
86
345
86
460
86
132
86
132
76
92
76
104
94
86
94
86
284
86
1294
86
1294
86
1294
86
621
86
212
523
391
142
128
86
86
832
86
243
566
124
86
86
391
86
1294
86
1294
86
1294
86
1294
86
1294
86
1294
86
1294
86
1294
86
1294
86
1294
86
860
86
1294
86
1294
86
1294
86
1294
86
1294
86
1294
86
1294
86
1294
86
1294
86
1294
86
1294
86
1294
86
1294
86
1294
86
1192
86
75
75
103
91
94
94
86
283
1294
86
1294
86
1294
86
1294
86
1294
86
1294
86
86
1294
86
1294
86
1294
86
619
86
1294
86
1294
86
212
243
132
86
1294
86
1294
86
1294
86
1294
86
1294
86
1294
86
1294
86
1294
86
1294
86
1294
86
1294
86
353
86
1294
86
1294
86
1294
86
1294
86
641
86
1294
86
1294
86
1294
86
1294
86
1294
86
1294
86
1294
86
1294
86
1294
86
1294
86
1294
86
1294
86
1294
86
1294
86
1294
86
1294
86
1294
86
1294
86
1294
86
1294
86
98
415
1294
86
1294
86
98
1294
86
1294
401
74
154
74
140
74
98
74
1294
86
1294
86
74
124
74
1294
86
1294
1294
86
1294
1294
86
86
74
1294
1294
86
1294
86
1294
86
1294
86
1294
86
1294
86
1294
86
1294
86
1294
86
1294
86
1294
86
1294
86
1294
86
1294
86
1294
86
1294
86
1294
86
1294
86
1294
86
1294
86
1294
86
1294
86
1294
86
1294
86
1294
86
1294
86
758
86
98
74
132
86
75
75
91
103
94
75
94
86
283
112
75
477
86
124
94
1294
86
1294
86
1294
86
620
86
212
243
132
86
86
98
415
94
86
283
98
98
86
389
74
142
74
128
74
124
74
86
74
157
132
86
132
98
74
86
1294
86
1294
86
1259
86
86
212
523
389
142
128
86
86
832
86
243
124
86
124
86
295
921
124
266
124
86
86
86
86
86
132
132
132
132
194
550
86
94
66
66
86
94
86
284
66
66
86
1444
86
1444
86
858
86
212
243
620
344
167
86
124
86
124
128
86
86
66
1190
1444
86
1444
1444
86
986
1444
86
1444
1444
86
1444
1444
86
265
124
1444
1444
86
1444
1444
86
1444
1444
86
1444
368
86
86
86
155
132
86
132
1444
1444
86
1444
1444
86
1444
1444
86
1444
1444
86
1444
1444
86
1444
1444
86
1444
1444
86
1444
1444
86
1444
1444
86
502
1430
86
1444
1444
86
1444
237
86
361
66
1444
86
1444
1444
86
86
866
94
86
94
86
298
86
1444
86
1444
86
531
86
212
360
167
86
505
862
66
243
124
124
124
86
1444
86
718
86
1444
86
1444
86
1444
86
1444
86
1444
86
804
86
192
86
503
86
177
86
179
86
1416
86
1444
86
823
86
1444
86
1150
86
172
86
1444
86
1444
86
1444
1444
86
1444
1444
86
1444
1444
86
1444
714
86
86
363
86
1444
1444
86
1444
1444
86
1444
1444
86
1049
86
1444
1444
86
1444
1444
86
966
177
86
1115
404
86
1444
1444
1444
1444
86
1444
1444
86
1444
1132
1444
86
1444
1444
86
1444
1444
86
1016
175
1444
1444
86
1090
86
616
1444
86
1444
1444
86
1444
1444
1444
86
1444
1444
86
1444
1444
1444
86
1444
1444
86
1444
1444
86
146
143
125
86
368
387
125
98
86
128
86
128
86
1444
86
544
86
235
186
86
1444
86
1444
86
1444
86
1444
86
1444
86
1444
86
1444
86
1444
86
1444
86
1444
86
1444
86
1444
86
1444
86
1444
86
1444
86
1444
86
1444
86
1444
86
1444
86
1444
86
1444
86
1444
86
1444
86
1444
86
1444
86
1444
86
1444
86
1444
86
1444
86
1444
86
1444
86
1444
86
1444
86
1444
86
1444
86
1444
86
876
86
162
86
76
76
314
1444
465
86
1102
86
1444
1444
1444
1444
1233
133
87
87
86
128
86
86
133
103
115
94
86
86
76
210
591
133
76
94
86
295
128
86
86
1444
86
1444
86
530
86
133
212
243
86
530
98
360
86
167
86
124
86
124
947
86
1444
86
1444
86
310
86
1444
86
97
86
86
335
86
484
524
86
128
86
128
86
86
236
86
1444
86
1444
86
1444
86
1444
86
1444
86
1444
86
1444
86
1444
86
1444
86
1444
86
1444
86
1444
86
1015
86
1444
1444
86
1444
858
86
1444
86
1444
86
1444
86
1444
86
1444
86
1444
86
1444
86
1444
86
1444
86
1444
86
1444
86
1444
86
1444
86
1444
86
1444
86
1444
86
1444
86
1444
86
1444
86
1444
86
1444
86
1444
86
1444
86
1444
86
1444
86
1444
86
1444
86
1444
86
1444
86
1444
86
1444
86
1444
86
1444
86
1444
86
1444
86
