443
443
443
54812
443
54812
54764
54766

5353
80
54766
80
80
54764
39268
39270
39266
80
39268
80
39270
80
39266

49939
62822
53
38372
38372
fe80::880:68ff:fe28:9ec5
fe80::6aa3:c4ff:fe4e:2cbd
443
443
443
38372



53
13569
53208
53







65297
44364

53
53
53






















32249
53
45911
53


















































































50113
26960
53
53









































































































































































































2764
56598
53
53

6982



53
51394


53














































































39264
39272




80
80



















54810








































































443























39264
80
39264



































































































































































































































29524
56248











53
21569
52096




53
53
53



34344


53
64495












53











































































































































