443
443
57008
443
57008
443
57008
443
80
80
42162
80
42160
80
443
443
57236
443
57236

53




80






42158
53
53

443
47677




43535




57006


















53
39406
53
55247

























































53
28131

53








2405
fe80
















53
53












11808
53
53
20901
27937



2001

2001




















45725


7237









443








































46706
443
443













46706
443
53
53
53


































46706
46706
443
46706
443



46706
443
46706
443
443
443












22174
4945






















443

46706
46706
443
443
46706
80
443







443



80


443
46706
443
443
80


53
443
443

80








42158





443
15888




46710
443
443
57006
46710
443

46706
443





46710
443




443












2405
fe80
46706
443






46710
46710
443
46710
443
46710
443
46710
443
443
443
443
443














443
46710
443
46710
443
46710
443









443




56744
443
443


80
56744
443









443








443
56744
56744
443
56744
443
42158

56744
443
443










53

53

53

53







443




443
56744
443






42260


2001
443

53

40106
57006
24799

60364

2001



2001

2001






443






56744
443
57006


46706


443



56744
443
56744
443
56744
443

53


443
56744
443




2405
fe80



56744
56744
443


80
42158

53
18734
53

2001
21069

443



34044
443
443



443





80
34044
34044
443
34044
443
34044
443
443
80


80
80
34044
443
34044

80
80
80
34044
34044
443
34044
443
443
42194
80
80
80


80
443
443
443
443
42158
42158
80





42192
80
42158
80
42158
80
42194
80
443
443


34044
443
42192
80
443
42158
80
34044
443


57006
34044
34044
443
34044
443
34044
443
34044
443
80
42194
53
80
46767
53

42194
42194
80
42194
80
33168
443
443




















443


443
80
57914
443
443












57916
443
443































57914
443













443
80


443























57916

57916
443
57916
443
57916
443
443


80


443






80


2405
fe80
















57914


80
443








80
80
443
53
53








80

















42204
80
80
443
80





443
443
443
443
80


80
